%YAML:1.0
e_vectors: !!opencv-matrix
   rows: 15
   cols: 128
   dt: f
   data: [ -4.24971897e-03, 4.75587556e-03, 4.96938312e-03,
       9.69919935e-03, -7.79121090e-03, -2.95995250e-02, -3.39984484e-02,
       -2.49099359e-02, 7.02987984e-02, -2.33473233e-03, -1.66084636e-02,
       -3.77280004e-02, -8.07858035e-02, -3.69102806e-02, 1.13456966e-02,
       6.79601133e-02, -1.53059408e-01, -5.25554232e-02, 2.81051476e-03,
       2.55609527e-02, 6.83760718e-02, 6.35653883e-02, 3.40022109e-02,
       -3.98790799e-02, -2.50309743e-02, 1.64184980e-02, 2.59481594e-02,
       1.88824125e-02, -1.20340912e-02, -1.24406777e-02, -1.83649454e-02,
       -2.72542369e-02, 3.46649364e-02, -2.17800997e-02, -8.65319837e-03,
       2.39940360e-03, -8.54272861e-03, -2.46730037e-02, -3.70978564e-02,
       -3.08713708e-02, 2.51331151e-01, -5.27890958e-03, -7.57871792e-02,
       -1.56283364e-01, -2.01128840e-01, -4.41770703e-02, 7.75496811e-02,
       2.16893226e-01, -2.87005991e-01, -1.64862081e-01, -3.61996070e-02,
       6.32444397e-02, 2.35174969e-01, 2.18863130e-01, 1.24499053e-01,
       4.85139946e-03, -5.49308620e-02, 2.09490173e-02, 3.09766512e-02,
       2.27021743e-02, 7.48487329e-03, -7.79217167e-04, -4.03660611e-04,
       -7.37705547e-03, 2.08294690e-02, -4.18375283e-02, -4.17282768e-02,
       -2.58035511e-02, -3.57938139e-03, 4.19380004e-03, -3.80866439e-03,
       -1.16921039e-02, 2.50773221e-01, 2.12577909e-01, 8.20106268e-02,
       -3.89233083e-02, -1.99053332e-01, -1.58130497e-01,
       -8.30926672e-02, -3.57922958e-03, -2.91835874e-01, 8.27617757e-03,
       1.29348859e-01, 2.23413780e-01, 2.35273331e-01, 5.92234284e-02,
       -3.68195362e-02, -1.69698447e-01, -5.41429333e-02, 9.90494853e-04,
       5.58479549e-03, 3.40966764e-03, 8.28393176e-03, 1.55818369e-02,
       2.32250784e-02, 1.66929699e-02, -1.93101950e-02, -3.06457020e-02,
       -2.78654117e-02, -2.64233463e-02, -2.94012949e-03, 1.19944653e-02,
       7.42954249e-03, 2.45733210e-03, 6.40739202e-02, 6.42903224e-02,
       2.07284987e-02, -3.46644334e-02, -8.30617845e-02, -3.88844162e-02,
       -1.33743919e-02, 1.51767978e-03, -1.57268971e-01, -3.58932093e-02,
       3.46643738e-02, 6.61516637e-02, 7.59986565e-02, 2.90923771e-02,
       6.79382216e-03, -6.35769814e-02, -2.16278173e-02, -2.46761665e-02,
       -1.75954476e-02, -1.47737386e-02, -7.48563185e-03, 1.82723515e-02,
       2.07836963e-02, 1.33207627e-02, 9.28801075e-02, 7.67709548e-03,
       -3.75666842e-02, -3.03966515e-02, 3.92242819e-02, -1.76425872e-03,
       -4.87774648e-02, -2.24848483e-02, 2.99655348e-01, 4.88444343e-02,
       -6.39493391e-02, -4.37753834e-02, 4.93442975e-02, -2.34513395e-02,
       -1.11032531e-01, -1.87026951e-02, 1.65880978e-01, 3.30202165e-03,
       -5.32590300e-02, 3.75774764e-02, 1.81683049e-01, -3.62043306e-02,
       -1.70837417e-01, -5.15157059e-02, 6.85423687e-02, -1.72168971e-03,
       -2.42978614e-02, 2.62873620e-02, 8.24078694e-02, -6.95868433e-02,
       -1.17551051e-01, -3.45786065e-02, 7.89772645e-02, -1.02094375e-02,
       -5.61834760e-02, -4.15166840e-02, 3.76564749e-02, -8.18064436e-03,
       -3.67955081e-02, -2.80532259e-02, 1.38303012e-01, -8.59857723e-03,
       -8.35763216e-02, -7.32356980e-02, 3.90246063e-02, -3.03699356e-02,
       -1.40580505e-01, -1.24552421e-01, 6.51998073e-02, -5.03024943e-02,
       -6.19303696e-02, 2.04581190e-02, 1.85970113e-01, -8.19896609e-02,
       -2.15790659e-01, -1.16722740e-01, 8.37173387e-02, 7.39491219e-03,
       -1.97583474e-02, 1.23517169e-03, 4.67974581e-02, -1.25452578e-01,
       -1.33509740e-01, -3.75449955e-02, 7.51501173e-02, -3.90262157e-02,
       -4.70635071e-02, -2.16620769e-02, 4.07244191e-02, -2.35232897e-02,
       -3.69596109e-02, 4.48831590e-03, 1.28199086e-01, -1.32750615e-01,
       -1.42822310e-01, -3.31211351e-02, 4.45305742e-02, -6.69051930e-02,
       -7.13210031e-02, -5.23877563e-03, 5.41714579e-02, -1.34037554e-01,
       -2.11114630e-01, -5.60625903e-02, 1.91414073e-01, 8.80459137e-03,
       -6.20037243e-02, -4.97527830e-02, 7.94383287e-02, -4.18931320e-02,
       -1.23858288e-01, -1.05703078e-01, 4.86369133e-02, -2.56850906e-02,
       -3.55410278e-02, 1.08432658e-02, 9.85705256e-02, -2.67917216e-02,
       -5.31032570e-02, -1.51510257e-02, 4.80016097e-02, -1.29959760e-02,
       -2.74963006e-02, 2.16565672e-02, 2.79294491e-01, -5.03195003e-02,
       -1.21106081e-01, -2.28416026e-02, 5.56352176e-02, -2.82163061e-02,
       -4.67042811e-02, 6.73346594e-02, 1.56786904e-01, -9.22049582e-02,
       -1.84108853e-01, -3.28431055e-02, 1.82967409e-01, 4.30833213e-02,
       -3.46652493e-02, 2.55258530e-02, 6.01444282e-02, -5.80896661e-02,
       -1.37611702e-01, -6.35135844e-02, 8.70999694e-02, 3.28717269e-02,
       -1.57915391e-02, 5.57141937e-03, -4.72330116e-03, -5.79986423e-02,
       -3.06028221e-02, 5.08413883e-03, 5.05588986e-02, 3.36014219e-02,
       4.24572341e-02, 4.14796099e-02, -2.08925873e-01, -1.34890124e-01,
       -1.77691393e-02, 6.67124689e-02, 1.46223918e-01, 9.40896347e-02,
       7.38635138e-02, -1.65986400e-02, -1.73436761e-01, -1.02582477e-01,
       -1.05409278e-02, 4.33058962e-02, 1.28062919e-01, 1.11997627e-01,
       4.63616066e-02, -4.16417569e-02, -7.69364238e-02, -3.57388370e-02,
       -2.79680104e-03, 4.53580879e-02, 1.21858500e-01, 5.04717939e-02,
       -9.60082654e-03, -4.49032746e-02, -3.98765202e-04,
       -2.34403946e-02, -1.50855454e-02, 4.07686941e-02, 1.00157656e-01,
       2.35815514e-02, 6.84174383e-03, 2.04183180e-02, -1.57497093e-01,
       -9.06425267e-02, -2.75705801e-03, 1.47995755e-01, 2.43272036e-01,
       6.67278394e-02, 2.48658517e-03, -6.33244589e-02, -8.58793184e-02,
       -5.03410622e-02, -1.23276953e-02, 3.28241661e-02, 2.14872628e-01,
       1.12580150e-01, -2.70449240e-02, -8.20314139e-02, -1.12317920e-01,
       -5.90409003e-02, -3.78889106e-02, 4.32494506e-02, 2.26731211e-01,
       9.48521495e-02, -2.28261910e-02, -5.72472326e-02, 1.66524854e-02,
       1.43852672e-02, 2.15950795e-02, 6.18700273e-02, 1.23287193e-01,
       1.29672550e-02, -4.35602218e-02, -3.40437032e-02, -1.23279572e-01,
       -9.13342014e-02, -1.27343889e-02, 1.01253495e-01, 2.63718694e-01,
       9.91449282e-02, -4.66360152e-02, -8.84484425e-02, -5.95310256e-02,
       -8.89933854e-02, -6.27489761e-02, 8.46096724e-02, 2.25851506e-01,
       4.91565987e-02, -3.12190857e-02, -6.57694563e-02, -1.03723168e-01,
       -7.20751658e-02, -4.77075763e-02, 7.56188557e-02, 2.27042869e-01,
       5.46247028e-02, -1.71149690e-02, -4.67555299e-02, 1.08802719e-02,
       2.46697832e-02, 3.96486260e-02, 5.58898635e-02, 8.21614265e-02,
       3.09305056e-03, -4.18365598e-02, -4.64703329e-02, -1.10732071e-01,
       -1.60831213e-02, 4.92512062e-02, 9.42912549e-02, 1.64861321e-01,
       5.23366258e-02, -3.82366851e-02, -1.09007955e-01, -1.15854949e-01,
       -5.62830456e-02, 3.06016896e-02, 1.20604604e-01, 1.51206717e-01,
       3.55865732e-02, -2.36382913e-02, -7.19727725e-02, -5.93411438e-02,
       -5.93699217e-02, -1.76231991e-02, 6.76587522e-02, 1.31975591e-01,
       2.47412715e-02, -1.50213400e-02, -2.17026845e-02, -8.72207806e-02,
       -4.10952903e-02, -2.22026967e-02, -2.05420479e-02, 1.24498305e-03,
       2.86169238e-02, 1.88567694e-02, -1.70577820e-02, -2.09814891e-01,
       -5.31836152e-02, -9.06198565e-03, -1.65675879e-02,
       -1.32079218e-02, 2.44946983e-02, 5.31235747e-02, -3.89248021e-02,
       -5.29608093e-02, 1.22997193e-02, -1.50010418e-02, -7.38046840e-02,
       -1.23967163e-01, -1.06490664e-02, 4.48278561e-02, -2.10498180e-03,
       3.04785706e-02, 2.59157363e-02, -2.39008088e-02, -9.21942741e-02,
       -8.75397697e-02, -1.52865201e-02, 2.39028428e-02, 2.95797959e-02,
       -5.45651540e-02, -4.50138003e-02, -4.60788421e-02,
       -5.72877787e-02, 9.17381234e-03, 5.25838695e-02, 3.31366695e-02,
       2.26476621e-02, -1.60402879e-02, -1.00213245e-01, -8.24614614e-02,
       -1.13906883e-01, -1.33613944e-02, 1.17973872e-01, 1.88521937e-01,
